4294967278,42
4294967278,41
4294967278,40
4294967278,39
4294967278,38
4294967278,37
4294967278,36
4294967278,35
4294967278,34
4294967278,33
4294967278,32
4294967278,31
4294967278,30
4294967278,29
4294967278,28
4294967278,27
4294967278,26
4294967278,25
4294967278,24
4294967278,23
4294967278,22
4294967278,21
4294967278,20
4294967278,19
4294967278,18
4294967278,17
4294967278,16
4294967278,15
4294967278,14
4294967278,13
4294967279,174
4294967279,43
4294967279,41
4294967279,40
4294967279,38
4294967279,36
4294967279,35
4294967279,33
4294967279,32
4294967279,31
4294967279,28
4294967279,27
4294967279,26
4294967279,25
4294967279,24
4294967279,21
4294967279,20
4294967279,19
4294967279,18
4294967279,16
4294967279,14
4294967279,11
4294967279,10
4294967279,537
4294967278,344
4294967278,343
4294967279,536
4294967278,342
4294967279,535
33,4
4294967278,341
33,3
33,2
33,1
4294967278,340
4294967279,534
4294967278,339
4294967294,1418
4294967279,533
4294967278,254
4294967279,532
4294967279,531
4294967278,338
4294967278,337
4294967279,530
32,5
4294967278,336
4294967278,253
32,4
32,3
32,2
32,1
4294967279,529
4294967278,250
4294967278,248
4294967278,246
4294967278,247
4294967278,244
31,6
4294967278,238
4294967278,241
4294967278,239
31,5
4294967278,237
4294967278,236
31,4
31,3
31,2
31,1
4294967278,234
4294967294,1414
4294967294,998
4294967294,161
4294967294,182
4294967278,232
4294967278,230
4294967278,231
4294967278,228
30,5
4294967294,387
4294967294,388
4294967278,224
30,4
4294967278,222
30,3
30,2
30,1
4294967278,221
4294967294,392
4294967294,114
4294967278,220
4294967278,217
4294967278,335
4294967279,528
4294967278,212
4294967278,211
4294967278,208
4294967278,210
29,5
29,4
4294967278,209
29,3
29,2
29,1
4294967278,334
4294967279,527
4294967278,333
4294967278,204
4294967279,526
4294967278,332
4294967278,331
28,5
4294967278,203
4294967278,202
28,4
28,3
28,2
28,1
4294967279,525
4294967278,201
4294967278,200
4294967278,199
4294967278,315
4294967279,524
4294967279,523
4294967278,198
4294967278,196
4294967278,195
4294967278,330
4294967278,194
4294967294,17
4294967294,99
4294967294,76
4294967294,41
4294967278,193
4294967278,192
4294967278,191
26,4
26,3
26,2
26,1
4294967279,522
4294967278,190
0,7
4294967294,42
4294967294,67
4294967278,329
4294967294,468
4294967294,390
4294967294,0
4294967294,5
4294967294,1000
4294967294,409
4294967294,395
4294967294,399
4294967294,186
4294967294,1001
4294967294,1416
4294967294,178
4294967294,179
4294967294,385
4294967294,444
4294967294,1175
4294967294,167
4294967294,415
4294967294,466
4294967294,109
4294967294,1
4294967294,451
4294967279,521
4294967278,328
4294967294,393
4294967294,46
4294967294,389
4294967294,115
4294967294,424
4294967294,120
4294967294,2
4294967279,520
4294967278,327
4294967279,519
4294967278,326
4294967294,469
4294967279,518
4294967278,325
4294967294,470
4294967279,517
4294967278,324
4294967294,1173
4294967294,29
4294967294,417
4294967294,52
4294967294,427
4294967294,44
4294967294,89
4294967279,516
4294967278,323
4294967294,107
4294967294,50
4294967294,91
4294967294,90
4294967294,87
4294967294,86
4294967294,85
4294967294,84
4294967294,83
4294967294,419
4294967294,1174
4294967294,1017
4294967294,28
4294967294,1016
4294967294,27
4294967294,471
4294967294,25
4294967294,1018
4294967294,26
4294967294,53
4294967294,51
4294967294,45
4294967294,43
4294967294,82
4294967294,96
4294967294,94
4294967279,515
4294967294,9
4294967294,8
4294967279,514
4294967279,0
4294967294,7
4294967278,322
4294967294,22
4294967294,93
4294967294,95
4294967294,81
4294967294,1098
4294967294,1415
4294967294,68
4294967294,11
4294967294,92
4294967294,88
4294967278,132
4294967278,131
4294967278,130
4294967278,129
4294967278,128
4294967278,127
4294967278,126
4294967278,125
4294967278,124
4294967278,123
4294967278,122
4294967278,121
4294967278,120
4294967278,119
4294967278,118
4294967278,117
4294967278,116
4294967278,115
4294967278,114
4294967278,113
4294967278,112
4294967278,111
4294967278,110
4294967278,109
4294967278,108
4294967278,107
4294967278,106
4294967278,105
4294967278,104
4294967278,103
4294967278,102
4294967278,101
4294967278,100
4294967278,99
